3
34 2
4.00 2.00
1.00 3.00
4.00 2.00
1.00 3.00
4.00 2.00
1.00 3.00
4.00 2.00
1.00 3.00
4.00 2.00
1.00 3.00
4.00 2.00
1.00 3.00
4.00 2.00
1.00 3.00
4.00 2.00
1.00 3.00
4.00 2.00
1.00 3.00
4.00 2.00
1.00 3.00
4.00 2.00
1.00 3.00
4.00 2.00
1.00 3.00
4.00 2.00
1.00 3.00
4.00 2.00
1.00 3.00
4.00 2.00
1.00 3.00
4.00 2.00
1.00 3.00
1.00 3.00
4.00 2.00
1.00 3.00
4.00 2.00
1.00 3.00
4.00 2.00
1.00 3.00
4.00 2.00
1.00 3.00
4.00 2.00
1.00 3.00
4.00 2.00
1.00 3.00
4.00 2.00
1.00 3.00
4.00 2.00
1.00 3.00
4.00 2.00
1.00 3.00
4.00 2.00
1.00 3.00
4.00 2.00
1.00 3.00
4.00 2.00
1.00 3.00
4.00 2.00
1.00 3.00
4.00 2.00
1.00 3.00
4.00 2.00
1.00 3.00
4.00 2.00
1.00 3.00
1.00 3.00
32 32
4.00 3.00 4.00 2.00 5.00 3.00 1.00 4.00 1.00 3.00 2.00 3.00 3.00 3.00 3.00 5.00 3.00 5.00 4.00 2.00 5.00 2.00 5.00 4.00 1.00 4.00 2.00 2.00 3.00 2.00 1.00 5.00 
2.00 2.00 4.00 5.00 3.00 5.00 5.00 4.00 3.00 2.00 4.00 4.00 5.00 3.00 2.00 5.00 2.00 5.00 1.00 5.00 3.00 3.00 3.00 3.00 2.00 2.00 1.00 5.00 1.00 2.00 3.00 2.00 
5.00 3.00 3.00 2.00 2.00 5.00 4.00 3.00 4.00 1.00 4.00 1.00 2.00 4.00 2.00 2.00 5.00 5.00 2.00 4.00 5.00 5.00 3.00 4.00 3.00 5.00 3.00 3.00 1.00 5.00 4.00 5.00 
1.00 4.00 4.00 4.00 2.00 4.00 4.00 2.00 5.00 4.00 5.00 3.00 5.00 1.00 1.00 3.00 5.00 1.00 5.00 5.00 3.00 3.00 1.00 4.00 3.00 5.00 2.00 1.00 2.00 1.00 2.00 4.00 
1.00 5.00 3.00 4.00 3.00 5.00 3.00 1.00 3.00 5.00 4.00 4.00 2.00 4.00 1.00 5.00 5.00 5.00 4.00 1.00 2.00 5.00 1.00 2.00 2.00 1.00 5.00 3.00 4.00 5.00 2.00 3.00 
2.00 4.00 2.00 5.00 2.00 5.00 1.00 1.00 3.00 5.00 1.00 3.00 2.00 1.00 3.00 3.00 1.00 3.00 1.00 4.00 4.00 5.00 5.00 5.00 3.00 5.00 5.00 4.00 1.00 1.00 5.00 4.00 
2.00 5.00 2.00 2.00 5.00 3.00 5.00 3.00 4.00 3.00 4.00 2.00 4.00 4.00 4.00 1.00 3.00 4.00 1.00 4.00 5.00 4.00 4.00 4.00 2.00 3.00 1.00 3.00 2.00 5.00 1.00 4.00 
1.00 2.00 5.00 5.00 5.00 4.00 1.00 3.00 5.00 1.00 5.00 1.00 5.00 5.00 1.00 4.00 3.00 4.00 5.00 3.00 3.00 4.00 5.00 3.00 2.00 2.00 2.00 1.00 4.00 2.00 1.00 2.00 
3.00 1.00 5.00 5.00 1.00 3.00 1.00 2.00 2.00 4.00 2.00 3.00 2.00 2.00 3.00 3.00 5.00 3.00 3.00 1.00 5.00 1.00 1.00 3.00 4.00 1.00 2.00 2.00 5.00 1.00 3.00 1.00 
4.00 4.00 5.00 3.00 3.00 2.00 1.00 4.00 1.00 5.00 3.00 4.00 1.00 3.00 5.00 3.00 4.00 2.00 3.00 3.00 3.00 2.00 5.00 3.00 2.00 3.00 5.00 4.00 2.00 2.00 2.00 2.00 
4.00 4.00 1.00 3.00 3.00 2.00 2.00 3.00 3.00 5.00 3.00 2.00 4.00 4.00 5.00 1.00 2.00 1.00 5.00 4.00 1.00 3.00 3.00 4.00 2.00 2.00 4.00 5.00 5.00 3.00 4.00 1.00 
5.00 2.00 3.00 4.00 4.00 1.00 1.00 3.00 4.00 1.00 1.00 2.00 4.00 5.00 5.00 1.00 4.00 1.00 1.00 5.00 3.00 4.00 2.00 1.00 2.00 1.00 2.00 3.00 5.00 1.00 3.00 5.00 
4.00 4.00 4.00 1.00 4.00 5.00 3.00 3.00 3.00 5.00 4.00 1.00 5.00 3.00 2.00 4.00 3.00 5.00 2.00 1.00 2.00 5.00 2.00 4.00 3.00 4.00 3.00 5.00 5.00 2.00 4.00 3.00 
5.00 2.00 2.00 5.00 1.00 5.00 2.00 4.00 2.00 3.00 3.00 3.00 2.00 1.00 1.00 1.00 4.00 5.00 2.00 1.00 3.00 3.00 2.00 5.00 3.00 3.00 5.00 2.00 3.00 1.00 3.00 4.00 
5.00 5.00 3.00 2.00 4.00 3.00 1.00 1.00 1.00 5.00 2.00 3.00 4.00 1.00 2.00 4.00 3.00 3.00 1.00 4.00 1.00 3.00 4.00 4.00 3.00 3.00 5.00 2.00 1.00 5.00 4.00 4.00 
1.00 5.00 2.00 3.00 3.00 3.00 2.00 4.00 5.00 2.00 2.00 5.00 4.00 4.00 1.00 5.00 1.00 3.00 3.00 3.00 4.00 5.00 2.00 1.00 5.00 3.00 2.00 3.00 3.00 5.00 5.00 1.00 
2.00 1.00 2.00 3.00 5.00 2.00 3.00 1.00 1.00 1.00 5.00 2.00 2.00 1.00 4.00 5.00 3.00 5.00 5.00 3.00 5.00 1.00 5.00 5.00 1.00 2.00 4.00 5.00 3.00 4.00 5.00 2.00 
5.00 4.00 3.00 4.00 5.00 1.00 4.00 1.00 4.00 2.00 3.00 1.00 2.00 4.00 1.00 1.00 3.00 5.00 5.00 5.00 2.00 4.00 4.00 5.00 2.00 2.00 3.00 3.00 3.00 2.00 5.00 4.00 
4.00 3.00 4.00 3.00 4.00 2.00 2.00 2.00 1.00 1.00 1.00 5.00 4.00 3.00 5.00 2.00 1.00 2.00 5.00 4.00 4.00 4.00 1.00 1.00 4.00 4.00 2.00 5.00 1.00 1.00 5.00 5.00 
5.00 5.00 4.00 4.00 3.00 5.00 5.00 5.00 3.00 2.00 5.00 2.00 2.00 4.00 3.00 4.00 5.00 5.00 5.00 5.00 4.00 3.00 1.00 4.00 5.00 1.00 3.00 5.00 3.00 3.00 5.00 1.00 
5.00 3.00 4.00 3.00 3.00 4.00 2.00 4.00 1.00 3.00 5.00 5.00 4.00 4.00 2.00 3.00 3.00 2.00 1.00 5.00 4.00 4.00 3.00 2.00 5.00 2.00 5.00 1.00 2.00 5.00 2.00 3.00 
1.00 4.00 2.00 3.00 4.00 1.00 5.00 4.00 5.00 5.00 1.00 3.00 3.00 4.00 5.00 4.00 4.00 5.00 2.00 4.00 1.00 2.00 2.00 4.00 2.00 1.00 2.00 2.00 4.00 1.00 2.00 5.00 
2.00 3.00 4.00 5.00 1.00 3.00 5.00 4.00 1.00 3.00 3.00 2.00 5.00 4.00 3.00 2.00 5.00 1.00 4.00 5.00 2.00 2.00 5.00 1.00 3.00 5.00 3.00 5.00 2.00 2.00 4.00 5.00 
4.00 4.00 3.00 4.00 4.00 1.00 4.00 4.00 4.00 1.00 1.00 3.00 4.00 3.00 4.00 3.00 3.00 2.00 3.00 3.00 4.00 3.00 1.00 3.00 5.00 2.00 5.00 1.00 4.00 4.00 1.00 2.00 
1.00 1.00 4.00 5.00 5.00 2.00 1.00 1.00 1.00 3.00 5.00 3.00 2.00 1.00 4.00 3.00 2.00 3.00 5.00 1.00 3.00 1.00 5.00 1.00 4.00 5.00 5.00 4.00 3.00 2.00 3.00 3.00 
5.00 2.00 5.00 5.00 1.00 2.00 4.00 3.00 3.00 1.00 5.00 2.00 5.00 1.00 3.00 1.00 4.00 2.00 1.00 5.00 1.00 4.00 5.00 5.00 4.00 3.00 1.00 4.00 2.00 2.00 4.00 4.00 
5.00 1.00 5.00 2.00 3.00 1.00 4.00 3.00 4.00 2.00 5.00 2.00 2.00 4.00 3.00 1.00 5.00 4.00 3.00 5.00 4.00 3.00 5.00 1.00 1.00 4.00 5.00 1.00 4.00 3.00 3.00 3.00 
1.00 2.00 1.00 4.00 5.00 3.00 1.00 2.00 4.00 3.00 3.00 2.00 4.00 4.00 4.00 4.00 4.00 5.00 4.00 5.00 3.00 4.00 2.00 3.00 3.00 1.00 5.00 5.00 2.00 4.00 4.00 4.00 
5.00 5.00 2.00 1.00 4.00 1.00 1.00 3.00 5.00 5.00 1.00 3.00 2.00 1.00 5.00 3.00 4.00 1.00 4.00 3.00 5.00 4.00 3.00 4.00 5.00 2.00 5.00 1.00 2.00 5.00 1.00 3.00 
5.00 1.00 3.00 4.00 3.00 5.00 5.00 4.00 4.00 1.00 1.00 5.00 3.00 1.00 2.00 4.00 1.00 5.00 1.00 2.00 3.00 2.00 1.00 5.00 3.00 1.00 5.00 4.00 1.00 5.00 1.00 3.00 
1.00 1.00 3.00 2.00 1.00 5.00 3.00 5.00 4.00 4.00 3.00 2.00 3.00 5.00 1.00 3.00 4.00 2.00 3.00 4.00 5.00 1.00 1.00 3.00 5.00 2.00 2.00 1.00 1.00 1.00 2.00 2.00 
4.00 2.00 2.00 5.00 1.00 2.00 5.00 5.00 2.00 2.00 3.00 1.00 1.00 2.00 4.00 3.00 2.00 4.00 2.00 3.00 2.00 1.00 1.00 1.00 3.00 1.00 1.00 1.00 2.00 5.00 1.00 1.00 
2.00 1.00 1.00 3.00 2.00 3.00 5.00 2.00 2.00 2.00 4.00 5.00 1.00 4.00 1.00 3.00 4.00 3.00 2.00 3.00 4.00 5.00 3.00 5.00 1.00 2.00 1.00 4.00 1.00 2.00 1.00 3.00 
1.00 5.00 3.00 1.00 1.00 3.00 5.00 1.00 4.00 4.00 5.00 2.00 5.00 1.00 4.00 3.00 2.00 5.00 1.00 4.00 2.00 3.00 3.00 2.00 1.00 2.00 5.00 5.00 5.00 3.00 2.00 1.00 
3.00 2.00 4.00 1.00 4.00 5.00 2.00 5.00 5.00 4.00 1.00 5.00 4.00 1.00 2.00 1.00 4.00 4.00 1.00 1.00 5.00 5.00 2.00 2.00 1.00 2.00 2.00 4.00 3.00 2.00 1.00 3.00 
4.00 4.00 2.00 5.00 5.00 4.00 4.00 1.00 4.00 4.00 3.00 2.00 4.00 4.00 5.00 1.00 1.00 5.00 2.00 3.00 5.00 3.00 5.00 2.00 4.00 4.00 4.00 3.00 1.00 2.00 1.00 1.00 
2.00 2.00 1.00 2.00 4.00 3.00 5.00 2.00 5.00 1.00 2.00 2.00 1.00 5.00 4.00 2.00 2.00 4.00 4.00 1.00 2.00 1.00 5.00 3.00 3.00 2.00 4.00 3.00 3.00 5.00 1.00 3.00 
2.00 3.00 1.00 5.00 5.00 2.00 3.00 4.00 1.00 4.00 5.00 5.00 2.00 5.00 3.00 1.00 1.00 5.00 3.00 4.00 1.00 1.00 2.00 2.00 1.00 5.00 5.00 2.00 1.00 3.00 5.00 1.00 
3.00 4.00 5.00 5.00 3.00 2.00 2.00 4.00 5.00 4.00 4.00 4.00 4.00 4.00 4.00 5.00 2.00 5.00 2.00 3.00 1.00 4.00 3.00 3.00 1.00 2.00 4.00 5.00 1.00 2.00 5.00 3.00 
4.00 3.00 3.00 4.00 3.00 4.00 2.00 4.00 2.00 5.00 3.00 3.00 5.00 5.00 5.00 1.00 1.00 2.00 5.00 4.00 1.00 5.00 1.00 1.00 5.00 3.00 3.00 3.00 2.00 5.00 1.00 3.00 
5.00 2.00 3.00 4.00 4.00 2.00 2.00 5.00 3.00 5.00 1.00 1.00 1.00 4.00 3.00 2.00 1.00 1.00 5.00 5.00 5.00 2.00 4.00 4.00 2.00 5.00 3.00 1.00 3.00 5.00 4.00 4.00 
4.00 3.00 4.00 4.00 5.00 5.00 5.00 4.00 4.00 4.00 2.00 4.00 5.00 5.00 4.00 5.00 3.00 3.00 1.00 2.00 1.00 3.00 2.00 2.00 2.00 1.00 1.00 1.00 2.00 3.00 5.00 5.00 
1.00 2.00 3.00 5.00 1.00 5.00 4.00 5.00 5.00 2.00 1.00 1.00 1.00 5.00 2.00 5.00 1.00 5.00 4.00 4.00 3.00 3.00 1.00 5.00 4.00 4.00 5.00 4.00 3.00 1.00 5.00 3.00 
3.00 1.00 2.00 4.00 4.00 2.00 4.00 2.00 1.00 4.00 5.00 2.00 1.00 4.00 2.00 1.00 4.00 2.00 5.00 1.00 2.00 3.00 2.00 1.00 1.00 4.00 3.00 2.00 2.00 5.00 3.00 1.00 
3.00 1.00 3.00 1.00 5.00 3.00 5.00 1.00 5.00 4.00 2.00 4.00 3.00 4.00 4.00 5.00 3.00 1.00 3.00 3.00 2.00 4.00 4.00 4.00 5.00 2.00 1.00 4.00 4.00 2.00 1.00 2.00 
5.00 1.00 5.00 5.00 4.00 4.00 5.00 5.00 3.00 4.00 2.00 3.00 1.00 5.00 5.00 2.00 3.00 2.00 4.00 4.00 2.00 1.00 1.00 3.00 2.00 3.00 2.00 1.00 4.00 5.00 3.00 2.00 
3.00 3.00 3.00 2.00 1.00 2.00 2.00 1.00 4.00 2.00 1.00 1.00 5.00 1.00 1.00 4.00 4.00 2.00 1.00 1.00 1.00 4.00 3.00 1.00 3.00 2.00 2.00 5.00 4.00 4.00 1.00 3.00 
2.00 3.00 3.00 5.00 2.00 3.00 1.00 4.00 1.00 1.00 4.00 4.00 4.00 3.00 3.00 1.00 1.00 4.00 3.00 2.00 5.00 5.00 5.00 3.00 2.00 3.00 2.00 1.00 3.00 3.00 4.00 2.00 
5.00 4.00 3.00 3.00 4.00 1.00 2.00 2.00 3.00 2.00 3.00 4.00 3.00 2.00 3.00 5.00 5.00 1.00 2.00 4.00 2.00 2.00 1.00 5.00 5.00 2.00 5.00 1.00 2.00 1.00 5.00 4.00 
1.00 1.00 4.00 4.00 1.00 4.00 2.00 4.00 2.00 4.00 1.00 2.00 1.00 1.00 5.00 5.00 5.00 5.00 5.00 4.00 2.00 5.00 4.00 2.00 1.00 2.00 3.00 5.00 4.00 3.00 3.00 2.00 
3.00 3.00 3.00 1.00 3.00 4.00 4.00 5.00 4.00 4.00 1.00 5.00 1.00 5.00 1.00 3.00 1.00 4.00 1.00 4.00 3.00 2.00 1.00 1.00 2.00 1.00 3.00 2.00 4.00 5.00 4.00 2.00 
3.00 1.00 1.00 4.00 5.00 5.00 2.00 5.00 1.00 1.00 1.00 2.00 5.00 3.00 3.00 4.00 3.00 5.00 5.00 4.00 4.00 5.00 5.00 5.00 5.00 1.00 4.00 1.00 3.00 3.00 1.00 1.00 
2.00 5.00 2.00 2.00 1.00 5.00 4.00 3.00 1.00 3.00 2.00 2.00 2.00 5.00 2.00 3.00 5.00 1.00 2.00 5.00 3.00 5.00 3.00 3.00 1.00 4.00 1.00 3.00 1.00 5.00 2.00 2.00 
1.00 3.00 5.00 2.00 3.00 2.00 4.00 2.00 1.00 4.00 2.00 5.00 4.00 1.00 3.00 2.00 3.00 2.00 4.00 1.00 1.00 3.00 5.00 1.00 3.00 3.00 5.00 4.00 2.00 3.00 5.00 5.00 
1.00 5.00 3.00 1.00 3.00 2.00 1.00 1.00 4.00 2.00 1.00 1.00 2.00 1.00 5.00 1.00 4.00 5.00 2.00 4.00 5.00 1.00 5.00 2.00 1.00 2.00 3.00 2.00 5.00 4.00 3.00 5.00 
2.00 4.00 5.00 4.00 5.00 1.00 2.00 3.00 4.00 1.00 5.00 2.00 1.00 4.00 2.00 4.00 3.00 2.00 5.00 1.00 3.00 4.00 2.00 4.00 5.00 2.00 4.00 5.00 3.00 4.00 1.00 5.00 
3.00 3.00 5.00 4.00 5.00 5.00 1.00 2.00 2.00 2.00 5.00 5.00 1.00 4.00 2.00 4.00 1.00 2.00 4.00 4.00 2.00 3.00 1.00 2.00 1.00 5.00 2.00 4.00 4.00 3.00 5.00 1.00 
5.00 1.00 2.00 3.00 2.00 2.00 3.00 2.00 2.00 4.00 1.00 4.00 4.00 4.00 3.00 2.00 2.00 1.00 3.00 3.00 1.00 4.00 1.00 4.00 5.00 5.00 4.00 2.00 4.00 1.00 2.00 4.00 
3.00 5.00 5.00 3.00 2.00 2.00 3.00 2.00 5.00 1.00 2.00 4.00 5.00 5.00 3.00 3.00 1.00 1.00 3.00 5.00 1.00 3.00 5.00 3.00 4.00 1.00 2.00 2.00 1.00 1.00 5.00 4.00 
2.00 3.00 3.00 4.00 1.00 4.00 4.00 1.00 2.00 4.00 3.00 1.00 4.00 3.00 1.00 1.00 2.00 4.00 3.00 4.00 2.00 5.00 5.00 1.00 5.00 3.00 2.00 5.00 3.00 2.00 2.00 4.00 
3.00 1.00 1.00 2.00 4.00 1.00 3.00 3.00 3.00 4.00 5.00 4.00 1.00 2.00 4.00 1.00 2.00 5.00 1.00 2.00 4.00 2.00 1.00 2.00 4.00 2.00 4.00 1.00 1.00 3.00 2.00 4.00 
1.00 3.00 3.00 2.00 3.00 3.00 4.00 5.00 1.00 3.00 3.00 4.00 4.00 1.00 1.00 1.00 1.00 3.00 4.00 5.00 1.00 4.00 1.00 4.00 3.00 3.00 1.00 5.00 4.00 3.00 5.00 3.00 
3.00 3.00 4.00 2.00 1.00 2.00 2.00 5.00 3.00 3.00 4.00 3.00 1.00 5.00 5.00 3.00 5.00 1.00 5.00 5.00 5.00 2.00 3.00 4.00 4.00 2.00 5.00 1.00 3.00 3.00 5.00 5.00 
3.00 1.00 2.00 4.00 3.00 2.00 2.00 4.00 3.00 5.00 2.00 5.00 3.00 2.00 3.00 2.00 1.00 3.00 5.00 3.00 5.00 3.00 5.00 2.00 4.00 2.00 3.00 3.00 2.00 5.00 4.00 2.00 
64 64
4.00 3.00 4.00 2.00 5.00 3.00 1.00 4.00 1.00 3.00 2.00 3.00 3.00 3.00 3.00 5.00 3.00 5.00 4.00 2.00 5.00 2.00 5.00 4.00 1.00 4.00 2.00 2.00 3.00 2.00 1.00 5.00 2.00 2.00 4.00 5.00 3.00 5.00 5.00 4.00 3.00 2.00 4.00 4.00 5.00 3.00 2.00 5.00 2.00 5.00 1.00 5.00 3.00 3.00 3.00 3.00 2.00 2.00 1.00 5.00 1.00 2.00 3.00 2.00 
5.00 3.00 3.00 2.00 2.00 5.00 4.00 3.00 4.00 1.00 4.00 1.00 2.00 4.00 2.00 2.00 5.00 5.00 2.00 4.00 5.00 5.00 3.00 4.00 3.00 5.00 3.00 3.00 1.00 5.00 4.00 5.00 1.00 4.00 4.00 4.00 2.00 4.00 4.00 2.00 5.00 4.00 5.00 3.00 5.00 1.00 1.00 3.00 5.00 1.00 5.00 5.00 3.00 3.00 1.00 4.00 3.00 5.00 2.00 1.00 2.00 1.00 2.00 4.00 
1.00 5.00 3.00 4.00 3.00 5.00 3.00 1.00 3.00 5.00 4.00 4.00 2.00 4.00 1.00 5.00 5.00 5.00 4.00 1.00 2.00 5.00 1.00 2.00 2.00 1.00 5.00 3.00 4.00 5.00 2.00 3.00 2.00 4.00 2.00 5.00 2.00 5.00 1.00 1.00 3.00 5.00 1.00 3.00 2.00 1.00 3.00 3.00 1.00 3.00 1.00 4.00 4.00 5.00 5.00 5.00 3.00 5.00 5.00 4.00 1.00 1.00 5.00 4.00 
2.00 5.00 2.00 2.00 5.00 3.00 5.00 3.00 4.00 3.00 4.00 2.00 4.00 4.00 4.00 1.00 3.00 4.00 1.00 4.00 5.00 4.00 4.00 4.00 2.00 3.00 1.00 3.00 2.00 5.00 1.00 4.00 1.00 2.00 5.00 5.00 5.00 4.00 1.00 3.00 5.00 1.00 5.00 1.00 5.00 5.00 1.00 4.00 3.00 4.00 5.00 3.00 3.00 4.00 5.00 3.00 2.00 2.00 2.00 1.00 4.00 2.00 1.00 2.00 
3.00 1.00 5.00 5.00 1.00 3.00 1.00 2.00 2.00 4.00 2.00 3.00 2.00 2.00 3.00 3.00 5.00 3.00 3.00 1.00 5.00 1.00 1.00 3.00 4.00 1.00 2.00 2.00 5.00 1.00 3.00 1.00 4.00 4.00 5.00 3.00 3.00 2.00 1.00 4.00 1.00 5.00 3.00 4.00 1.00 3.00 5.00 3.00 4.00 2.00 3.00 3.00 3.00 2.00 5.00 3.00 2.00 3.00 5.00 4.00 2.00 2.00 2.00 2.00 
4.00 4.00 1.00 3.00 3.00 2.00 2.00 3.00 3.00 5.00 3.00 2.00 4.00 4.00 5.00 1.00 2.00 1.00 5.00 4.00 1.00 3.00 3.00 4.00 2.00 2.00 4.00 5.00 5.00 3.00 4.00 1.00 5.00 2.00 3.00 4.00 4.00 1.00 1.00 3.00 4.00 1.00 1.00 2.00 4.00 5.00 5.00 1.00 4.00 1.00 1.00 5.00 3.00 4.00 2.00 1.00 2.00 1.00 2.00 3.00 5.00 1.00 3.00 5.00 
4.00 4.00 4.00 1.00 4.00 5.00 3.00 3.00 3.00 5.00 4.00 1.00 5.00 3.00 2.00 4.00 3.00 5.00 2.00 1.00 2.00 5.00 2.00 4.00 3.00 4.00 3.00 5.00 5.00 2.00 4.00 3.00 5.00 2.00 2.00 5.00 1.00 5.00 2.00 4.00 2.00 3.00 3.00 3.00 2.00 1.00 1.00 1.00 4.00 5.00 2.00 1.00 3.00 3.00 2.00 5.00 3.00 3.00 5.00 2.00 3.00 1.00 3.00 4.00 
5.00 5.00 3.00 2.00 4.00 3.00 1.00 1.00 1.00 5.00 2.00 3.00 4.00 1.00 2.00 4.00 3.00 3.00 1.00 4.00 1.00 3.00 4.00 4.00 3.00 3.00 5.00 2.00 1.00 5.00 4.00 4.00 1.00 5.00 2.00 3.00 3.00 3.00 2.00 4.00 5.00 2.00 2.00 5.00 4.00 4.00 1.00 5.00 1.00 3.00 3.00 3.00 4.00 5.00 2.00 1.00 5.00 3.00 2.00 3.00 3.00 5.00 5.00 1.00 
2.00 1.00 2.00 3.00 5.00 2.00 3.00 1.00 1.00 1.00 5.00 2.00 2.00 1.00 4.00 5.00 3.00 5.00 5.00 3.00 5.00 1.00 5.00 5.00 1.00 2.00 4.00 5.00 3.00 4.00 5.00 2.00 5.00 4.00 3.00 4.00 5.00 1.00 4.00 1.00 4.00 2.00 3.00 1.00 2.00 4.00 1.00 1.00 3.00 5.00 5.00 5.00 2.00 4.00 4.00 5.00 2.00 2.00 3.00 3.00 3.00 2.00 5.00 4.00 
4.00 3.00 4.00 3.00 4.00 2.00 2.00 2.00 1.00 1.00 1.00 5.00 4.00 3.00 5.00 2.00 1.00 2.00 5.00 4.00 4.00 4.00 1.00 1.00 4.00 4.00 2.00 5.00 1.00 1.00 5.00 5.00 5.00 5.00 4.00 4.00 3.00 5.00 5.00 5.00 3.00 2.00 5.00 2.00 2.00 4.00 3.00 4.00 5.00 5.00 5.00 5.00 4.00 3.00 1.00 4.00 5.00 1.00 3.00 5.00 3.00 3.00 5.00 1.00 
5.00 3.00 4.00 3.00 3.00 4.00 2.00 4.00 1.00 3.00 5.00 5.00 4.00 4.00 2.00 3.00 3.00 2.00 1.00 5.00 4.00 4.00 3.00 2.00 5.00 2.00 5.00 1.00 2.00 5.00 2.00 3.00 1.00 4.00 2.00 3.00 4.00 1.00 5.00 4.00 5.00 5.00 1.00 3.00 3.00 4.00 5.00 4.00 4.00 5.00 2.00 4.00 1.00 2.00 2.00 4.00 2.00 1.00 2.00 2.00 4.00 1.00 2.00 5.00 
2.00 3.00 4.00 5.00 1.00 3.00 5.00 4.00 1.00 3.00 3.00 2.00 5.00 4.00 3.00 2.00 5.00 1.00 4.00 5.00 2.00 2.00 5.00 1.00 3.00 5.00 3.00 5.00 2.00 2.00 4.00 5.00 4.00 4.00 3.00 4.00 4.00 1.00 4.00 4.00 4.00 1.00 1.00 3.00 4.00 3.00 4.00 3.00 3.00 2.00 3.00 3.00 4.00 3.00 1.00 3.00 5.00 2.00 5.00 1.00 4.00 4.00 1.00 2.00 
1.00 1.00 4.00 5.00 5.00 2.00 1.00 1.00 1.00 3.00 5.00 3.00 2.00 1.00 4.00 3.00 2.00 3.00 5.00 1.00 3.00 1.00 5.00 1.00 4.00 5.00 5.00 4.00 3.00 2.00 3.00 3.00 5.00 2.00 5.00 5.00 1.00 2.00 4.00 3.00 3.00 1.00 5.00 2.00 5.00 1.00 3.00 1.00 4.00 2.00 1.00 5.00 1.00 4.00 5.00 5.00 4.00 3.00 1.00 4.00 2.00 2.00 4.00 4.00 
5.00 1.00 5.00 2.00 3.00 1.00 4.00 3.00 4.00 2.00 5.00 2.00 2.00 4.00 3.00 1.00 5.00 4.00 3.00 5.00 4.00 3.00 5.00 1.00 1.00 4.00 5.00 1.00 4.00 3.00 3.00 3.00 1.00 2.00 1.00 4.00 5.00 3.00 1.00 2.00 4.00 3.00 3.00 2.00 4.00 4.00 4.00 4.00 4.00 5.00 4.00 5.00 3.00 4.00 2.00 3.00 3.00 1.00 5.00 5.00 2.00 4.00 4.00 4.00 
5.00 5.00 2.00 1.00 4.00 1.00 1.00 3.00 5.00 5.00 1.00 3.00 2.00 1.00 5.00 3.00 4.00 1.00 4.00 3.00 5.00 4.00 3.00 4.00 5.00 2.00 5.00 1.00 2.00 5.00 1.00 3.00 5.00 1.00 3.00 4.00 3.00 5.00 5.00 4.00 4.00 1.00 1.00 5.00 3.00 1.00 2.00 4.00 1.00 5.00 1.00 2.00 3.00 2.00 1.00 5.00 3.00 1.00 5.00 4.00 1.00 5.00 1.00 3.00 
1.00 1.00 3.00 2.00 1.00 5.00 3.00 5.00 4.00 4.00 3.00 2.00 3.00 5.00 1.00 3.00 4.00 2.00 3.00 4.00 5.00 1.00 1.00 3.00 5.00 2.00 2.00 1.00 1.00 1.00 2.00 2.00 4.00 2.00 2.00 5.00 1.00 2.00 5.00 5.00 2.00 2.00 3.00 1.00 1.00 2.00 4.00 3.00 2.00 4.00 2.00 3.00 2.00 1.00 1.00 1.00 3.00 1.00 1.00 1.00 2.00 5.00 1.00 1.00 
2.00 1.00 1.00 2.00 5.00 5.00 4.00 3.00 1.00 4.00 3.00 5.00 2.00 1.00 5.00 5.00 4.00 5.00 5.00 2.00 2.00 5.00 5.00 2.00 2.00 4.00 5.00 1.00 1.00 2.00 1.00 4.00 5.00 4.00 5.00 5.00 3.00 3.00 3.00 3.00 1.00 1.00 5.00 3.00 4.00 3.00 4.00 4.00 5.00 4.00 1.00 5.00 5.00 1.00 4.00 4.00 5.00 3.00 4.00 3.00 4.00 4.00 2.00 2.00 
5.00 5.00 1.00 5.00 5.00 4.00 5.00 1.00 5.00 5.00 2.00 1.00 4.00 4.00 2.00 1.00 5.00 2.00 2.00 1.00 5.00 1.00 3.00 4.00 1.00 1.00 2.00 4.00 1.00 1.00 2.00 4.00 2.00 5.00 2.00 4.00 3.00 1.00 2.00 5.00 3.00 5.00 2.00 5.00 3.00 2.00 3.00 1.00 5.00 4.00 4.00 3.00 5.00 2.00 1.00 4.00 2.00 1.00 5.00 3.00 4.00 5.00 2.00 5.00 
4.00 4.00 4.00 4.00 1.00 3.00 4.00 4.00 3.00 4.00 3.00 1.00 3.00 4.00 2.00 2.00 2.00 4.00 2.00 2.00 1.00 3.00 1.00 1.00 2.00 3.00 4.00 2.00 4.00 4.00 5.00 3.00 3.00 5.00 5.00 5.00 4.00 2.00 1.00 2.00 5.00 3.00 5.00 4.00 5.00 1.00 1.00 4.00 2.00 1.00 3.00 1.00 5.00 1.00 2.00 3.00 5.00 4.00 5.00 5.00 2.00 2.00 1.00 4.00 
4.00 5.00 1.00 3.00 5.00 3.00 3.00 5.00 5.00 3.00 3.00 1.00 5.00 5.00 2.00 4.00 5.00 3.00 2.00 4.00 2.00 4.00 2.00 5.00 1.00 4.00 3.00 1.00 3.00 4.00 1.00 2.00 1.00 4.00 3.00 5.00 1.00 2.00 2.00 1.00 1.00 5.00 5.00 4.00 1.00 2.00 5.00 4.00 4.00 1.00 5.00 4.00 1.00 5.00 4.00 4.00 3.00 3.00 1.00 3.00 1.00 2.00 5.00 5.00 
2.00 5.00 1.00 4.00 4.00 3.00 2.00 4.00 4.00 5.00 5.00 5.00 1.00 3.00 1.00 1.00 4.00 5.00 4.00 1.00 5.00 4.00 5.00 3.00 5.00 4.00 4.00 1.00 1.00 5.00 5.00 4.00 4.00 2.00 5.00 5.00 4.00 1.00 2.00 2.00 1.00 5.00 2.00 2.00 2.00 4.00 5.00 1.00 5.00 3.00 3.00 4.00 2.00 5.00 2.00 3.00 5.00 1.00 4.00 4.00 4.00 5.00 3.00 4.00 
5.00 4.00 2.00 1.00 4.00 5.00 5.00 5.00 1.00 3.00 1.00 2.00 4.00 4.00 4.00 4.00 1.00 2.00 5.00 2.00 4.00 2.00 4.00 3.00 3.00 1.00 4.00 2.00 5.00 2.00 5.00 4.00 2.00 3.00 2.00 1.00 3.00 2.00 3.00 4.00 1.00 4.00 4.00 5.00 5.00 5.00 4.00 5.00 5.00 3.00 5.00 5.00 2.00 2.00 3.00 5.00 2.00 1.00 2.00 3.00 3.00 3.00 2.00 1.00 
3.00 4.00 1.00 5.00 1.00 4.00 4.00 3.00 4.00 5.00 5.00 5.00 4.00 3.00 3.00 3.00 5.00 1.00 1.00 5.00 4.00 1.00 2.00 5.00 4.00 5.00 2.00 3.00 5.00 5.00 4.00 2.00 3.00 2.00 2.00 5.00 1.00 3.00 1.00 1.00 4.00 5.00 3.00 4.00 3.00 1.00 2.00 5.00 2.00 5.00 1.00 4.00 3.00 4.00 3.00 4.00 1.00 4.00 1.00 2.00 2.00 2.00 4.00 3.00 
1.00 1.00 5.00 3.00 5.00 4.00 5.00 4.00 2.00 5.00 4.00 2.00 4.00 5.00 4.00 1.00 3.00 4.00 4.00 3.00 1.00 2.00 2.00 4.00 2.00 3.00 5.00 1.00 3.00 2.00 1.00 4.00 3.00 4.00 3.00 5.00 5.00 2.00 1.00 4.00 4.00 3.00 3.00 3.00 2.00 3.00 5.00 1.00 3.00 4.00 1.00 1.00 1.00 2.00 4.00 4.00 2.00 4.00 3.00 2.00 1.00 4.00 4.00 3.00 
2.00 1.00 1.00 2.00 2.00 4.00 5.00 3.00 2.00 5.00 3.00 3.00 1.00 5.00 4.00 2.00 5.00 5.00 2.00 2.00 3.00 4.00 4.00 1.00 1.00 2.00 2.00 5.00 4.00 5.00 3.00 3.00 1.00 3.00 1.00 3.00 1.00 3.00 3.00 2.00 4.00 2.00 5.00 3.00 4.00 1.00 4.00 1.00 5.00 2.00 1.00 2.00 4.00 3.00 3.00 3.00 5.00 4.00 2.00 3.00 2.00 5.00 1.00 4.00 
4.00 3.00 1.00 5.00 5.00 5.00 4.00 2.00 1.00 3.00 1.00 5.00 1.00 1.00 3.00 4.00 1.00 5.00 2.00 2.00 5.00 3.00 3.00 2.00 3.00 3.00 2.00 4.00 3.00 1.00 3.00 4.00 3.00 2.00 1.00 5.00 4.00 1.00 2.00 5.00 4.00 1.00 3.00 5.00 3.00 3.00 2.00 1.00 5.00 2.00 4.00 3.00 4.00 4.00 1.00 4.00 3.00 2.00 5.00 4.00 4.00 5.00 2.00 3.00 
5.00 3.00 4.00 2.00 5.00 1.00 2.00 3.00 5.00 2.00 2.00 4.00 1.00 2.00 1.00 1.00 5.00 2.00 5.00 1.00 3.00 2.00 2.00 5.00 5.00 5.00 3.00 2.00 2.00 2.00 2.00 1.00 4.00 2.00 2.00 4.00 5.00 2.00 3.00 1.00 4.00 3.00 5.00 3.00 4.00 2.00 2.00 4.00 1.00 2.00 3.00 5.00 4.00 1.00 3.00 4.00 3.00 1.00 4.00 3.00 4.00 3.00 3.00 2.00 
2.00 3.00 4.00 1.00 4.00 1.00 5.00 4.00 3.00 4.00 4.00 5.00 4.00 5.00 2.00 5.00 5.00 1.00 1.00 4.00 3.00 5.00 1.00 4.00 3.00 2.00 4.00 1.00 2.00 2.00 5.00 2.00 2.00 2.00 5.00 1.00 1.00 1.00 3.00 4.00 4.00 2.00 2.00 2.00 2.00 2.00 3.00 2.00 3.00 5.00 5.00 5.00 3.00 2.00 5.00 2.00 4.00 1.00 2.00 5.00 2.00 4.00 2.00 2.00 
5.00 1.00 3.00 5.00 2.00 1.00 3.00 1.00 5.00 5.00 1.00 1.00 5.00 5.00 2.00 3.00 3.00 1.00 5.00 1.00 3.00 3.00 5.00 5.00 1.00 3.00 5.00 5.00 5.00 1.00 3.00 1.00 3.00 4.00 4.00 3.00 3.00 5.00 2.00 2.00 4.00 2.00 1.00 4.00 3.00 1.00 4.00 3.00 4.00 5.00 3.00 4.00 3.00 4.00 3.00 4.00 4.00 1.00 2.00 1.00 3.00 2.00 1.00 1.00 
4.00 5.00 5.00 1.00 2.00 2.00 3.00 4.00 2.00 2.00 3.00 1.00 4.00 2.00 1.00 4.00 3.00 1.00 2.00 1.00 4.00 3.00 3.00 4.00 3.00 4.00 2.00 1.00 4.00 3.00 4.00 1.00 3.00 5.00 1.00 1.00 5.00 5.00 2.00 2.00 1.00 2.00 4.00 2.00 3.00 4.00 4.00 1.00 4.00 3.00 4.00 5.00 3.00 4.00 3.00 4.00 2.00 2.00 1.00 3.00 5.00 3.00 5.00 2.00 
2.00 2.00 5.00 3.00 2.00 1.00 2.00 1.00 1.00 2.00 3.00 4.00 5.00 2.00 3.00 2.00 2.00 5.00 2.00 1.00 2.00 1.00 4.00 1.00 1.00 2.00 2.00 1.00 4.00 4.00 4.00 1.00 3.00 1.00 4.00 4.00 5.00 5.00 1.00 4.00 2.00 5.00 1.00 3.00 5.00 2.00 5.00 4.00 1.00 3.00 1.00 3.00 2.00 3.00 5.00 5.00 5.00 1.00 2.00 5.00 1.00 2.00 2.00 5.00 
1.00 5.00 1.00 1.00 3.00 1.00 5.00 4.00 2.00 5.00 2.00 5.00 2.00 5.00 5.00 1.00 3.00 1.00 2.00 2.00 3.00 1.00 4.00 2.00 5.00 4.00 3.00 3.00 3.00 3.00 2.00 4.00 3.00 4.00 1.00 4.00 4.00 3.00 5.00 4.00 3.00 5.00 2.00 1.00 5.00 2.00 3.00 3.00 3.00 2.00 3.00 3.00 1.00 4.00 1.00 5.00 1.00 1.00 3.00 4.00 3.00 4.00 4.00 3.00 
3.00 2.00 1.00 4.00 1.00 5.00 1.00 4.00 1.00 1.00 3.00 5.00 1.00 4.00 5.00 2.00 5.00 1.00 2.00 3.00 4.00 2.00 3.00 4.00 5.00 1.00 5.00 2.00 5.00 5.00 1.00 2.00 4.00 4.00 4.00 1.00 5.00 1.00 2.00 5.00 2.00 5.00 1.00 2.00 1.00 5.00 4.00 2.00 5.00 1.00 3.00 3.00 5.00 3.00 1.00 3.00 5.00 1.00 5.00 4.00 5.00 2.00 5.00 2.00 
5.00 4.00 5.00 5.00 4.00 1.00 5.00 5.00 5.00 1.00 4.00 3.00 5.00 4.00 3.00 5.00 5.00 4.00 4.00 5.00 2.00 4.00 5.00 5.00 5.00 5.00 5.00 4.00 2.00 4.00 4.00 3.00 1.00 4.00 3.00 2.00 4.00 1.00 3.00 4.00 1.00 3.00 3.00 2.00 2.00 5.00 3.00 5.00 4.00 1.00 5.00 1.00 3.00 4.00 3.00 5.00 1.00 5.00 4.00 4.00 5.00 5.00 5.00 1.00 
4.00 5.00 4.00 5.00 3.00 5.00 4.00 4.00 3.00 3.00 3.00 1.00 2.00 3.00 5.00 4.00 1.00 3.00 2.00 4.00 2.00 5.00 5.00 2.00 3.00 2.00 4.00 4.00 5.00 1.00 5.00 4.00 2.00 3.00 5.00 4.00 1.00 1.00 3.00 1.00 4.00 2.00 3.00 2.00 4.00 3.00 5.00 2.00 4.00 5.00 5.00 4.00 4.00 4.00 2.00 4.00 2.00 4.00 4.00 1.00 1.00 4.00 1.00 2.00 
4.00 1.00 5.00 4.00 3.00 1.00 5.00 4.00 3.00 2.00 1.00 4.00 3.00 2.00 5.00 5.00 5.00 2.00 1.00 4.00 3.00 2.00 5.00 4.00 5.00 4.00 5.00 2.00 5.00 1.00 3.00 1.00 3.00 3.00 5.00 4.00 4.00 5.00 3.00 1.00 5.00 4.00 1.00 3.00 5.00 1.00 1.00 4.00 1.00 4.00 1.00 3.00 3.00 3.00 5.00 5.00 2.00 1.00 2.00 2.00 2.00 2.00 5.00 5.00 
2.00 2.00 1.00 2.00 3.00 1.00 2.00 4.00 2.00 4.00 4.00 2.00 5.00 4.00 2.00 3.00 4.00 1.00 1.00 3.00 4.00 2.00 2.00 4.00 5.00 4.00 5.00 5.00 5.00 1.00 5.00 3.00 5.00 2.00 4.00 1.00 3.00 1.00 1.00 5.00 4.00 3.00 4.00 5.00 1.00 4.00 2.00 5.00 3.00 1.00 5.00 3.00 5.00 5.00 2.00 5.00 3.00 1.00 2.00 2.00 1.00 1.00 2.00 2.00 
4.00 3.00 5.00 2.00 2.00 1.00 2.00 2.00 5.00 2.00 4.00 2.00 1.00 3.00 2.00 4.00 4.00 4.00 5.00 5.00 3.00 3.00 2.00 3.00 2.00 1.00 1.00 3.00 4.00 1.00 4.00 1.00 4.00 2.00 3.00 2.00 1.00 4.00 1.00 4.00 2.00 5.00 4.00 1.00 2.00 3.00 1.00 2.00 4.00 5.00 4.00 4.00 5.00 4.00 2.00 5.00 5.00 5.00 5.00 4.00 2.00 1.00 1.00 2.00 
2.00 3.00 3.00 4.00 4.00 1.00 5.00 2.00 5.00 1.00 2.00 2.00 1.00 3.00 3.00 3.00 1.00 2.00 2.00 3.00 1.00 2.00 5.00 3.00 1.00 2.00 3.00 4.00 2.00 3.00 2.00 5.00 2.00 2.00 3.00 5.00 1.00 3.00 3.00 1.00 5.00 1.00 1.00 1.00 2.00 1.00 3.00 1.00 3.00 1.00 5.00 3.00 5.00 2.00 3.00 1.00 2.00 3.00 4.00 3.00 5.00 1.00 3.00 3.00 
3.00 4.00 2.00 1.00 4.00 2.00 2.00 5.00 3.00 1.00 2.00 5.00 3.00 3.00 3.00 4.00 1.00 4.00 2.00 3.00 2.00 1.00 3.00 4.00 4.00 5.00 1.00 3.00 2.00 5.00 3.00 1.00 2.00 4.00 4.00 4.00 2.00 1.00 4.00 3.00 5.00 4.00 1.00 3.00 2.00 3.00 2.00 5.00 1.00 4.00 1.00 3.00 4.00 5.00 4.00 5.00 2.00 5.00 5.00 5.00 3.00 3.00 5.00 3.00 
1.00 3.00 1.00 2.00 3.00 2.00 1.00 1.00 3.00 2.00 2.00 2.00 2.00 3.00 3.00 2.00 3.00 3.00 3.00 3.00 1.00 3.00 4.00 4.00 1.00 3.00 2.00 3.00 2.00 3.00 2.00 1.00 5.00 4.00 5.00 4.00 2.00 4.00 2.00 1.00 5.00 2.00 4.00 3.00 3.00 2.00 3.00 5.00 3.00 3.00 5.00 5.00 2.00 4.00 3.00 3.00 2.00 5.00 5.00 3.00 1.00 3.00 3.00 4.00 
1.00 1.00 5.00 5.00 2.00 5.00 4.00 1.00 3.00 3.00 5.00 1.00 1.00 1.00 4.00 4.00 2.00 4.00 1.00 4.00 3.00 5.00 2.00 5.00 5.00 4.00 4.00 2.00 2.00 3.00 2.00 5.00 2.00 3.00 5.00 5.00 2.00 5.00 3.00 3.00 4.00 4.00 3.00 5.00 3.00 2.00 4.00 1.00 1.00 4.00 2.00 4.00 5.00 5.00 1.00 3.00 5.00 5.00 5.00 1.00 4.00 5.00 3.00 5.00 
1.00 5.00 5.00 3.00 1.00 5.00 1.00 5.00 3.00 3.00 1.00 3.00 4.00 4.00 3.00 1.00 4.00 3.00 1.00 4.00 4.00 2.00 2.00 4.00 1.00 4.00 1.00 3.00 4.00 5.00 5.00 5.00 3.00 1.00 1.00 5.00 1.00 1.00 4.00 2.00 2.00 2.00 5.00 4.00 4.00 4.00 1.00 5.00 4.00 2.00 3.00 4.00 2.00 5.00 2.00 2.00 1.00 3.00 2.00 3.00 3.00 2.00 4.00 1.00 
3.00 3.00 5.00 5.00 4.00 1.00 5.00 4.00 3.00 1.00 5.00 3.00 1.00 5.00 4.00 4.00 3.00 3.00 4.00 4.00 3.00 3.00 4.00 3.00 5.00 1.00 1.00 3.00 2.00 3.00 5.00 3.00 4.00 5.00 5.00 2.00 5.00 3.00 1.00 2.00 1.00 2.00 4.00 5.00 2.00 2.00 4.00 2.00 4.00 5.00 1.00 4.00 1.00 4.00 4.00 4.00 1.00 3.00 1.00 1.00 5.00 2.00 4.00 2.00 
1.00 3.00 1.00 3.00 5.00 3.00 5.00 5.00 5.00 3.00 2.00 2.00 1.00 5.00 5.00 4.00 4.00 2.00 5.00 3.00 2.00 5.00 3.00 2.00 4.00 1.00 4.00 5.00 4.00 4.00 2.00 4.00 2.00 5.00 1.00 3.00 4.00 1.00 4.00 1.00 4.00 3.00 5.00 5.00 5.00 5.00 3.00 2.00 2.00 2.00 3.00 4.00 5.00 5.00 4.00 1.00 1.00 1.00 4.00 3.00 1.00 2.00 1.00 2.00 
4.00 2.00 2.00 4.00 2.00 5.00 3.00 5.00 1.00 4.00 5.00 4.00 2.00 3.00 2.00 2.00 1.00 1.00 1.00 5.00 2.00 2.00 4.00 3.00 5.00 5.00 4.00 1.00 1.00 5.00 5.00 2.00 5.00 4.00 3.00 5.00 4.00 4.00 3.00 5.00 4.00 3.00 5.00 5.00 4.00 2.00 3.00 5.00 1.00 3.00 5.00 2.00 4.00 4.00 3.00 5.00 5.00 1.00 3.00 5.00 2.00 5.00 2.00 2.00 
2.00 1.00 4.00 1.00 1.00 5.00 5.00 3.00 4.00 1.00 2.00 3.00 2.00 4.00 2.00 5.00 3.00 1.00 3.00 5.00 1.00 5.00 4.00 4.00 3.00 4.00 4.00 4.00 2.00 3.00 2.00 3.00 1.00 4.00 5.00 2.00 4.00 3.00 1.00 1.00 3.00 5.00 2.00 1.00 2.00 5.00 3.00 5.00 1.00 2.00 1.00 1.00 4.00 3.00 2.00 3.00 5.00 4.00 4.00 3.00 5.00 1.00 3.00 2.00 
3.00 4.00 1.00 3.00 5.00 4.00 3.00 1.00 1.00 1.00 2.00 3.00 4.00 3.00 1.00 2.00 2.00 2.00 5.00 2.00 5.00 1.00 2.00 2.00 2.00 5.00 2.00 3.00 3.00 5.00 4.00 2.00 1.00 3.00 5.00 1.00 3.00 3.00 4.00 2.00 1.00 4.00 1.00 4.00 1.00 4.00 2.00 5.00 1.00 1.00 5.00 1.00 2.00 2.00 4.00 4.00 1.00 2.00 5.00 2.00 3.00 2.00 1.00 4.00 
4.00 5.00 5.00 3.00 2.00 4.00 1.00 5.00 1.00 3.00 4.00 4.00 4.00 3.00 3.00 4.00 2.00 5.00 4.00 3.00 5.00 4.00 5.00 1.00 5.00 2.00 2.00 2.00 5.00 2.00 4.00 2.00 4.00 3.00 4.00 2.00 4.00 1.00 3.00 5.00 4.00 3.00 1.00 3.00 4.00 4.00 3.00 2.00 2.00 3.00 5.00 5.00 5.00 3.00 1.00 5.00 1.00 3.00 5.00 5.00 1.00 5.00 4.00 3.00 
5.00 2.00 2.00 4.00 2.00 3.00 4.00 1.00 1.00 4.00 2.00 3.00 3.00 4.00 1.00 3.00 5.00 1.00 1.00 4.00 4.00 2.00 5.00 3.00 3.00 4.00 4.00 3.00 4.00 1.00 4.00 5.00 1.00 5.00 3.00 1.00 3.00 1.00 2.00 1.00 1.00 2.00 4.00 2.00 4.00 2.00 4.00 1.00 2.00 3.00 3.00 1.00 3.00 4.00 5.00 1.00 1.00 1.00 4.00 5.00 1.00 1.00 1.00 5.00 
5.00 3.00 4.00 4.00 2.00 3.00 4.00 2.00 1.00 2.00 1.00 2.00 1.00 3.00 2.00 1.00 4.00 2.00 3.00 2.00 5.00 3.00 3.00 5.00 4.00 5.00 3.00 3.00 5.00 2.00 5.00 3.00 1.00 4.00 5.00 1.00 4.00 3.00 3.00 2.00 5.00 2.00 3.00 4.00 4.00 4.00 3.00 4.00 2.00 4.00 2.00 2.00 4.00 4.00 1.00 2.00 4.00 1.00 1.00 2.00 5.00 5.00 5.00 3.00 
5.00 5.00 4.00 4.00 4.00 3.00 3.00 1.00 3.00 3.00 2.00 1.00 3.00 1.00 3.00 5.00 3.00 3.00 4.00 2.00 4.00 1.00 1.00 3.00 5.00 1.00 1.00 4.00 2.00 1.00 1.00 4.00 3.00 3.00 3.00 3.00 2.00 3.00 2.00 2.00 5.00 4.00 2.00 4.00 1.00 1.00 1.00 1.00 2.00 1.00 5.00 2.00 4.00 2.00 1.00 3.00 4.00 3.00 2.00 1.00 1.00 3.00 2.00 4.00 
2.00 5.00 4.00 1.00 1.00 4.00 1.00 2.00 5.00 5.00 3.00 3.00 3.00 3.00 1.00 2.00 2.00 2.00 1.00 3.00 3.00 3.00 5.00 4.00 1.00 3.00 2.00 3.00 4.00 4.00 3.00 3.00 4.00 5.00 2.00 4.00 2.00 5.00 2.00 2.00 5.00 4.00 1.00 1.00 2.00 4.00 5.00 1.00 1.00 3.00 3.00 4.00 4.00 1.00 5.00 5.00 5.00 4.00 5.00 2.00 5.00 4.00 5.00 3.00 
5.00 1.00 5.00 5.00 5.00 4.00 4.00 5.00 5.00 2.00 3.00 3.00 2.00 3.00 1.00 1.00 3.00 2.00 2.00 2.00 3.00 2.00 4.00 5.00 5.00 5.00 3.00 1.00 3.00 4.00 3.00 4.00 4.00 3.00 5.00 1.00 5.00 4.00 4.00 1.00 3.00 1.00 5.00 3.00 1.00 1.00 1.00 4.00 2.00 3.00 4.00 2.00 3.00 2.00 1.00 5.00 1.00 5.00 3.00 3.00 3.00 2.00 2.00 1.00 
4.00 3.00 5.00 1.00 5.00 5.00 2.00 4.00 1.00 4.00 3.00 2.00 4.00 3.00 4.00 5.00 1.00 1.00 3.00 1.00 2.00 3.00 4.00 4.00 1.00 5.00 2.00 1.00 2.00 5.00 5.00 3.00 2.00 4.00 3.00 3.00 3.00 1.00 4.00 3.00 2.00 1.00 4.00 3.00 1.00 1.00 2.00 2.00 5.00 4.00 2.00 5.00 4.00 2.00 5.00 4.00 3.00 1.00 5.00 3.00 1.00 2.00 1.00 3.00 
1.00 1.00 4.00 1.00 3.00 2.00 1.00 1.00 3.00 3.00 5.00 1.00 3.00 5.00 1.00 1.00 5.00 5.00 1.00 1.00 4.00 3.00 5.00 1.00 1.00 4.00 2.00 4.00 3.00 5.00 5.00 3.00 5.00 3.00 3.00 2.00 3.00 4.00 2.00 1.00 4.00 1.00 3.00 1.00 2.00 1.00 4.00 3.00 1.00 3.00 4.00 2.00 2.00 4.00 3.00 2.00 5.00 4.00 5.00 5.00 3.00 5.00 5.00 3.00 
3.00 4.00 3.00 5.00 5.00 4.00 5.00 1.00 2.00 3.00 2.00 1.00 4.00 2.00 2.00 4.00 5.00 4.00 5.00 2.00 2.00 5.00 5.00 1.00 1.00 2.00 4.00 3.00 4.00 2.00 2.00 4.00 5.00 4.00 5.00 4.00 1.00 3.00 2.00 5.00 2.00 4.00 2.00 1.00 2.00 4.00 1.00 2.00 4.00 5.00 5.00 3.00 5.00 4.00 2.00 4.00 3.00 5.00 3.00 5.00 4.00 2.00 2.00 2.00 
3.00 2.00 2.00 4.00 2.00 1.00 3.00 1.00 3.00 5.00 2.00 2.00 2.00 2.00 4.00 2.00 3.00 4.00 5.00 2.00 5.00 3.00 4.00 4.00 3.00 4.00 2.00 2.00 1.00 2.00 4.00 1.00 1.00 2.00 3.00 5.00 5.00 2.00 2.00 3.00 3.00 1.00 3.00 3.00 3.00 4.00 3.00 1.00 5.00 2.00 3.00 2.00 5.00 1.00 4.00 1.00 4.00 4.00 1.00 5.00 5.00 2.00 1.00 5.00 
5.00 4.00 4.00 5.00 1.00 5.00 2.00 5.00 4.00 4.00 1.00 5.00 3.00 2.00 3.00 5.00 1.00 3.00 4.00 1.00 2.00 2.00 4.00 5.00 1.00 5.00 3.00 3.00 3.00 5.00 3.00 1.00 3.00 5.00 3.00 1.00 2.00 3.00 2.00 2.00 5.00 2.00 4.00 4.00 1.00 5.00 3.00 3.00 2.00 5.00 1.00 1.00 2.00 1.00 2.00 4.00 5.00 5.00 4.00 1.00 2.00 1.00 3.00 4.00 
4.00 2.00 5.00 3.00 5.00 2.00 5.00 2.00 5.00 5.00 2.00 1.00 1.00 5.00 4.00 2.00 2.00 3.00 4.00 3.00 4.00 4.00 3.00 2.00 4.00 5.00 1.00 2.00 3.00 4.00 5.00 1.00 4.00 4.00 1.00 2.00 4.00 1.00 1.00 1.00 4.00 3.00 1.00 4.00 1.00 5.00 3.00 4.00 5.00 3.00 2.00 2.00 4.00 5.00 1.00 2.00 1.00 2.00 3.00 4.00 1.00 1.00 5.00 3.00 
3.00 4.00 4.00 3.00 3.00 4.00 1.00 1.00 5.00 3.00 4.00 2.00 5.00 3.00 4.00 2.00 2.00 4.00 4.00 5.00 3.00 1.00 5.00 2.00 5.00 4.00 4.00 5.00 1.00 4.00 1.00 2.00 2.00 1.00 4.00 5.00 1.00 1.00 3.00 1.00 3.00 3.00 5.00 3.00 2.00 4.00 5.00 4.00 3.00 2.00 1.00 3.00 5.00 1.00 2.00 5.00 4.00 1.00 5.00 4.00 5.00 1.00 5.00 1.00 
4.00 4.00 5.00 5.00 1.00 1.00 5.00 2.00 4.00 4.00 4.00 1.00 3.00 4.00 3.00 3.00 1.00 1.00 4.00 5.00 1.00 2.00 2.00 1.00 2.00 1.00 4.00 3.00 3.00 5.00 3.00 4.00 4.00 1.00 2.00 3.00 2.00 3.00 2.00 3.00 5.00 2.00 3.00 4.00 5.00 3.00 3.00 3.00 1.00 3.00 4.00 3.00 3.00 1.00 2.00 5.00 3.00 1.00 5.00 4.00 3.00 4.00 1.00 4.00 
2.00 4.00 2.00 1.00 1.00 2.00 3.00 2.00 1.00 3.00 5.00 2.00 2.00 5.00 2.00 4.00 5.00 4.00 1.00 1.00 3.00 2.00 2.00 1.00 4.00 4.00 2.00 4.00 2.00 4.00 4.00 2.00 3.00 5.00 2.00 4.00 3.00 4.00 5.00 3.00 4.00 4.00 4.00 5.00 2.00 2.00 4.00 5.00 1.00 2.00 4.00 5.00 3.00 4.00 4.00 1.00 5.00 4.00 4.00 2.00 4.00 2.00 2.00 4.00 
5.00 3.00 5.00 2.00 2.00 1.00 2.00 5.00 4.00 3.00 2.00 1.00 3.00 5.00 2.00 2.00 1.00 2.00 4.00 3.00 5.00 3.00 3.00 3.00 5.00 2.00 3.00 1.00 2.00 5.00 4.00 1.00 3.00 2.00 3.00 5.00 1.00 4.00 5.00 2.00 1.00 1.00 3.00 2.00 5.00 5.00 1.00 5.00 1.00 2.00 2.00 4.00 5.00 3.00 3.00 4.00 4.00 3.00 2.00 2.00 2.00 1.00 5.00 3.00 
2.00 1.00 1.00 3.00 2.00 3.00 5.00 2.00 2.00 2.00 4.00 5.00 1.00 4.00 1.00 3.00 4.00 3.00 2.00 3.00 4.00 5.00 3.00 5.00 1.00 2.00 1.00 4.00 1.00 2.00 1.00 3.00 1.00 5.00 3.00 1.00 1.00 3.00 5.00 1.00 4.00 4.00 5.00 2.00 5.00 1.00 4.00 3.00 2.00 5.00 1.00 4.00 2.00 3.00 3.00 2.00 1.00 2.00 5.00 5.00 5.00 3.00 2.00 1.00 
3.00 2.00 4.00 1.00 4.00 5.00 2.00 5.00 5.00 4.00 1.00 5.00 4.00 1.00 2.00 1.00 4.00 4.00 1.00 1.00 5.00 5.00 2.00 2.00 1.00 2.00 2.00 4.00 3.00 2.00 1.00 3.00 4.00 4.00 2.00 5.00 5.00 4.00 4.00 1.00 4.00 4.00 3.00 2.00 4.00 4.00 5.00 1.00 1.00 5.00 2.00 3.00 5.00 3.00 5.00 2.00 4.00 4.00 4.00 3.00 1.00 2.00 1.00 1.00 
2.00 2.00 1.00 2.00 4.00 3.00 5.00 2.00 5.00 1.00 2.00 2.00 1.00 5.00 4.00 2.00 2.00 4.00 4.00 1.00 2.00 1.00 5.00 3.00 3.00 2.00 4.00 3.00 3.00 5.00 1.00 3.00 2.00 3.00 1.00 5.00 5.00 2.00 3.00 4.00 1.00 4.00 5.00 5.00 2.00 5.00 3.00 1.00 1.00 5.00 3.00 4.00 1.00 1.00 2.00 2.00 1.00 5.00 5.00 2.00 1.00 3.00 5.00 1.00 
3.00 4.00 5.00 5.00 3.00 2.00 2.00 4.00 5.00 4.00 4.00 4.00 4.00 4.00 4.00 5.00 2.00 5.00 2.00 3.00 1.00 4.00 3.00 3.00 1.00 2.00 4.00 5.00 1.00 2.00 5.00 3.00 4.00 3.00 3.00 4.00 3.00 4.00 2.00 4.00 2.00 5.00 3.00 3.00 5.00 5.00 5.00 1.00 1.00 2.00 5.00 4.00 1.00 5.00 1.00 1.00 5.00 3.00 3.00 3.00 2.00 5.00 1.00 3.00 
5.00 2.00 3.00 4.00 4.00 2.00 2.00 5.00 3.00 5.00 1.00 1.00 1.00 4.00 3.00 2.00 1.00 1.00 5.00 5.00 5.00 2.00 4.00 4.00 2.00 5.00 3.00 1.00 3.00 5.00 4.00 4.00 4.00 3.00 4.00 4.00 5.00 5.00 5.00 4.00 4.00 4.00 2.00 4.00 5.00 5.00 4.00 5.00 3.00 3.00 1.00 2.00 1.00 3.00 2.00 2.00 2.00 1.00 1.00 1.00 2.00 3.00 5.00 5.00 
1.00 2.00 3.00 5.00 1.00 5.00 4.00 5.00 5.00 2.00 1.00 1.00 1.00 5.00 2.00 5.00 1.00 5.00 4.00 4.00 3.00 3.00 1.00 5.00 4.00 4.00 5.00 4.00 3.00 1.00 5.00 3.00 3.00 1.00 2.00 4.00 4.00 2.00 4.00 2.00 1.00 4.00 5.00 2.00 1.00 4.00 2.00 1.00 4.00 2.00 5.00 1.00 2.00 3.00 2.00 1.00 1.00 4.00 3.00 2.00 2.00 5.00 3.00 1.00 
3.00 1.00 3.00 1.00 5.00 3.00 5.00 1.00 5.00 4.00 2.00 4.00 3.00 4.00 4.00 5.00 3.00 1.00 3.00 3.00 2.00 4.00 4.00 4.00 5.00 2.00 1.00 4.00 4.00 2.00 1.00 2.00 5.00 1.00 5.00 5.00 4.00 4.00 5.00 5.00 3.00 4.00 2.00 3.00 1.00 5.00 5.00 2.00 3.00 2.00 4.00 4.00 2.00 1.00 1.00 3.00 2.00 3.00 2.00 1.00 4.00 5.00 3.00 2.00 
3.00 3.00 3.00 2.00 1.00 2.00 2.00 1.00 4.00 2.00 1.00 1.00 5.00 1.00 1.00 4.00 4.00 2.00 1.00 1.00 1.00 4.00 3.00 1.00 3.00 2.00 2.00 5.00 4.00 4.00 1.00 3.00 2.00 3.00 3.00 5.00 2.00 3.00 1.00 4.00 1.00 1.00 4.00 4.00 4.00 3.00 3.00 1.00 1.00 4.00 3.00 2.00 5.00 5.00 5.00 3.00 2.00 3.00 2.00 1.00 3.00 3.00 4.00 2.00 
5.00 4.00 3.00 3.00 4.00 1.00 2.00 2.00 3.00 2.00 3.00 4.00 3.00 2.00 3.00 5.00 5.00 1.00 2.00 4.00 2.00 2.00 1.00 5.00 5.00 2.00 5.00 1.00 2.00 1.00 5.00 4.00 1.00 1.00 4.00 4.00 1.00 4.00 2.00 4.00 2.00 4.00 1.00 2.00 1.00 1.00 5.00 5.00 5.00 5.00 5.00 4.00 2.00 5.00 4.00 2.00 1.00 2.00 3.00 5.00 4.00 3.00 3.00 2.00 
3.00 3.00 3.00 1.00 3.00 4.00 4.00 5.00 4.00 4.00 1.00 5.00 1.00 5.00 1.00 3.00 1.00 4.00 1.00 4.00 3.00 2.00 1.00 1.00 2.00 1.00 3.00 2.00 4.00 5.00 4.00 2.00 3.00 1.00 1.00 4.00 5.00 5.00 2.00 5.00 1.00 1.00 1.00 2.00 5.00 3.00 3.00 4.00 3.00 5.00 5.00 4.00 4.00 5.00 5.00 5.00 5.00 1.00 4.00 1.00 3.00 3.00 1.00 1.00 
2.00 5.00 2.00 2.00 1.00 5.00 4.00 3.00 1.00 3.00 2.00 2.00 2.00 5.00 2.00 3.00 5.00 1.00 2.00 5.00 3.00 5.00 3.00 3.00 1.00 4.00 1.00 3.00 1.00 5.00 2.00 2.00 1.00 3.00 5.00 2.00 3.00 2.00 4.00 2.00 1.00 4.00 2.00 5.00 4.00 1.00 3.00 2.00 3.00 2.00 4.00 1.00 1.00 3.00 5.00 1.00 3.00 3.00 5.00 4.00 2.00 3.00 5.00 5.00 
1.00 5.00 3.00 1.00 3.00 2.00 1.00 1.00 4.00 2.00 1.00 1.00 2.00 1.00 5.00 1.00 4.00 5.00 2.00 4.00 5.00 1.00 5.00 2.00 1.00 2.00 3.00 2.00 5.00 4.00 3.00 5.00 2.00 4.00 5.00 4.00 5.00 1.00 2.00 3.00 4.00 1.00 5.00 2.00 1.00 4.00 2.00 4.00 3.00 2.00 5.00 1.00 3.00 4.00 2.00 4.00 5.00 2.00 4.00 5.00 3.00 4.00 1.00 5.00 
3.00 3.00 5.00 4.00 5.00 5.00 1.00 2.00 2.00 2.00 5.00 5.00 1.00 4.00 2.00 4.00 1.00 2.00 4.00 4.00 2.00 3.00 1.00 2.00 1.00 5.00 2.00 4.00 4.00 3.00 5.00 1.00 5.00 1.00 2.00 3.00 2.00 2.00 3.00 2.00 2.00 4.00 1.00 4.00 4.00 4.00 3.00 2.00 2.00 1.00 3.00 3.00 1.00 4.00 1.00 4.00 5.00 5.00 4.00 2.00 4.00 1.00 2.00 4.00 
3.00 5.00 5.00 3.00 2.00 2.00 3.00 2.00 5.00 1.00 2.00 4.00 5.00 5.00 3.00 3.00 1.00 1.00 3.00 5.00 1.00 3.00 5.00 3.00 4.00 1.00 2.00 2.00 1.00 1.00 5.00 4.00 2.00 3.00 3.00 4.00 1.00 4.00 4.00 1.00 2.00 4.00 3.00 1.00 4.00 3.00 1.00 1.00 2.00 4.00 3.00 4.00 2.00 5.00 5.00 1.00 5.00 3.00 2.00 5.00 3.00 2.00 2.00 4.00 
3.00 1.00 1.00 2.00 4.00 1.00 3.00 3.00 3.00 4.00 5.00 4.00 1.00 2.00 4.00 1.00 2.00 5.00 1.00 2.00 4.00 2.00 1.00 2.00 4.00 2.00 4.00 1.00 1.00 3.00 2.00 4.00 1.00 3.00 3.00 2.00 3.00 3.00 4.00 5.00 1.00 3.00 3.00 4.00 4.00 1.00 1.00 1.00 1.00 3.00 4.00 5.00 1.00 4.00 1.00 4.00 3.00 3.00 1.00 5.00 4.00 3.00 5.00 3.00 
3.00 3.00 4.00 2.00 1.00 2.00 2.00 5.00 3.00 3.00 4.00 3.00 1.00 5.00 5.00 3.00 5.00 1.00 5.00 5.00 5.00 2.00 3.00 4.00 4.00 2.00 5.00 1.00 3.00 3.00 5.00 5.00 3.00 1.00 2.00 4.00 3.00 2.00 2.00 4.00 3.00 5.00 2.00 5.00 3.00 2.00 3.00 2.00 1.00 3.00 5.00 3.00 5.00 3.00 5.00 2.00 4.00 2.00 3.00 3.00 2.00 5.00 4.00 2.00 
1.00 3.00 4.00 2.00 2.00 5.00 2.00 3.00 3.00 3.00 4.00 1.00 1.00 2.00 3.00 3.00 5.00 4.00 4.00 4.00 1.00 5.00 2.00 5.00 5.00 1.00 5.00 1.00 1.00 2.00 3.00 4.00 5.00 4.00 5.00 2.00 1.00 2.00 5.00 1.00 1.00 3.00 3.00 2.00 2.00 1.00 3.00 3.00 2.00 4.00 5.00 3.00 3.00 2.00 3.00 1.00 1.00 2.00 3.00 4.00 3.00 4.00 2.00 1.00 
2.00 2.00 1.00 5.00 2.00 3.00 2.00 4.00 3.00 3.00 5.00 5.00 4.00 5.00 2.00 1.00 2.00 5.00 3.00 2.00 4.00 1.00 1.00 4.00 1.00 2.00 3.00 5.00 4.00 4.00 1.00 1.00 2.00 1.00 2.00 1.00 4.00 2.00 1.00 2.00 5.00 1.00 5.00 4.00 1.00 4.00 2.00 2.00 2.00 1.00 2.00 1.00 5.00 1.00 1.00 5.00 1.00 5.00 2.00 5.00 1.00 2.00 1.00 1.00 
3.00 2.00 1.00 5.00 2.00 3.00 1.00 5.00 4.00 5.00 3.00 1.00 5.00 1.00 3.00 1.00 2.00 5.00 3.00 4.00 4.00 5.00 2.00 4.00 2.00 4.00 3.00 4.00 5.00 1.00 2.00 3.00 3.00 2.00 1.00 3.00 3.00 4.00 4.00 2.00 1.00 1.00 4.00 4.00 4.00 1.00 5.00 5.00 3.00 4.00 1.00 1.00 4.00 5.00 3.00 2.00 5.00 5.00 4.00 5.00 5.00 4.00 5.00 2.00 
4.00 1.00 2.00 2.00 4.00 2.00 1.00 4.00 5.00 5.00 4.00 1.00 2.00 5.00 5.00 2.00 3.00 3.00 2.00 1.00 2.00 1.00 5.00 3.00 4.00 3.00 4.00 4.00 5.00 1.00 2.00 5.00 4.00 2.00 3.00 1.00 5.00 4.00 3.00 2.00 2.00 5.00 2.00 2.00 4.00 3.00 4.00 2.00 3.00 3.00 5.00 2.00 2.00 2.00 2.00 1.00 5.00 5.00 3.00 3.00 2.00 2.00 5.00 5.00 
5.00 3.00 3.00 2.00 5.00 4.00 3.00 1.00 1.00 1.00 3.00 5.00 1.00 2.00 3.00 2.00 2.00 5.00 5.00 4.00 5.00 3.00 3.00 3.00 5.00 5.00 5.00 4.00 1.00 1.00 2.00 3.00 3.00 4.00 4.00 4.00 3.00 3.00 5.00 4.00 2.00 4.00 2.00 2.00 3.00 3.00 2.00 5.00 4.00 4.00 4.00 3.00 1.00 5.00 3.00 3.00 2.00 3.00 5.00 2.00 2.00 3.00 2.00 4.00 
4.00 2.00 4.00 5.00 5.00 3.00 2.00 1.00 5.00 1.00 3.00 5.00 1.00 3.00 3.00 4.00 4.00 2.00 3.00 5.00 3.00 3.00 1.00 1.00 2.00 3.00 3.00 4.00 3.00 4.00 2.00 5.00 5.00 1.00 1.00 3.00 2.00 4.00 5.00 2.00 5.00 2.00 3.00 5.00 3.00 4.00 3.00 1.00 4.00 3.00 3.00 2.00 2.00 4.00 1.00 5.00 5.00 2.00 1.00 3.00 3.00 4.00 2.00 1.00 
3.00 2.00 3.00 4.00 2.00 3.00 5.00 2.00 5.00 3.00 2.00 5.00 5.00 1.00 3.00 5.00 1.00 2.00 1.00 1.00 3.00 4.00 5.00 3.00 1.00 4.00 1.00 3.00 5.00 3.00 2.00 3.00 5.00 5.00 1.00 5.00 2.00 4.00 4.00 5.00 5.00 2.00 4.00 2.00 3.00 3.00 3.00 4.00 3.00 3.00 1.00 1.00 3.00 3.00 5.00 3.00 3.00 3.00 3.00 5.00 2.00 3.00 4.00 2.00 
2.00 3.00 1.00 2.00 4.00 2.00 5.00 5.00 5.00 3.00 1.00 5.00 1.00 5.00 4.00 1.00 4.00 2.00 3.00 1.00 3.00 2.00 3.00 4.00 3.00 5.00 1.00 3.00 2.00 3.00 5.00 3.00 4.00 3.00 3.00 1.00 2.00 4.00 5.00 4.00 1.00 5.00 5.00 1.00 1.00 2.00 3.00 4.00 4.00 1.00 3.00 2.00 2.00 1.00 5.00 4.00 3.00 2.00 1.00 1.00 1.00 3.00 4.00 1.00 
1.00 4.00 3.00 1.00 4.00 5.00 4.00 4.00 1.00 1.00 1.00 1.00 1.00 1.00 2.00 5.00 4.00 5.00 3.00 5.00 5.00 3.00 3.00 2.00 5.00 5.00 4.00 2.00 1.00 4.00 1.00 4.00 4.00 4.00 1.00 4.00 3.00 1.00 5.00 3.00 5.00 5.00 4.00 3.00 2.00 3.00 5.00 2.00 5.00 2.00 5.00 3.00 4.00 1.00 1.00 3.00 2.00 4.00 4.00 2.00 5.00 3.00 2.00 2.00 
5.00 1.00 5.00 5.00 2.00 5.00 5.00 3.00 3.00 2.00 2.00 2.00 4.00 3.00 4.00 3.00 3.00 3.00 4.00 4.00 4.00 3.00 1.00 5.00 1.00 5.00 2.00 4.00 4.00 5.00 1.00 5.00 3.00 2.00 1.00 2.00 2.00 1.00 4.00 2.00 2.00 5.00 4.00 2.00 2.00 2.00 1.00 1.00 4.00 5.00 3.00 2.00 3.00 3.00 5.00 1.00 1.00 1.00 1.00 4.00 2.00 5.00 2.00 2.00 
1.00 1.00 1.00 2.00 3.00 1.00 4.00 5.00 5.00 1.00 5.00 1.00 5.00 5.00 4.00 2.00 5.00 3.00 1.00 5.00 2.00 4.00 4.00 3.00 1.00 2.00 3.00 3.00 3.00 4.00 4.00 3.00 2.00 5.00 2.00 1.00 2.00 2.00 1.00 2.00 1.00 1.00 4.00 4.00 2.00 2.00 2.00 5.00 5.00 4.00 2.00 3.00 1.00 1.00 3.00 1.00 4.00 5.00 1.00 2.00 4.00 5.00 3.00 3.00 
3.00 2.00 2.00 4.00 3.00 4.00 5.00 5.00 2.00 3.00 1.00 4.00 2.00 3.00 1.00 5.00 3.00 1.00 1.00 2.00 2.00 5.00 5.00 5.00 4.00 3.00 3.00 4.00 3.00 3.00 3.00 5.00 5.00 5.00 5.00 5.00 2.00 3.00 4.00 3.00 3.00 2.00 5.00 3.00 5.00 1.00 4.00 1.00 3.00 4.00 2.00 2.00 5.00 3.00 5.00 3.00 3.00 3.00 3.00 3.00 2.00 1.00 2.00 1.00 
1.00 4.00 1.00 2.00 1.00 2.00 2.00 3.00 2.00 3.00 2.00 4.00 1.00 1.00 3.00 3.00 3.00 2.00 1.00 2.00 1.00 5.00 5.00 1.00 4.00 1.00 5.00 4.00 1.00 4.00 3.00 2.00 2.00 2.00 1.00 3.00 2.00 2.00 4.00 4.00 2.00 4.00 3.00 3.00 2.00 2.00 1.00 3.00 3.00 4.00 4.00 1.00 3.00 4.00 3.00 1.00 5.00 4.00 2.00 1.00 3.00 3.00 2.00 4.00 
5.00 4.00 3.00 2.00 1.00 4.00 1.00 1.00 2.00 4.00 4.00 5.00 5.00 4.00 2.00 1.00 5.00 3.00 1.00 3.00 3.00 1.00 2.00 4.00 2.00 5.00 5.00 5.00 2.00 1.00 4.00 3.00 4.00 2.00 1.00 4.00 4.00 2.00 5.00 1.00 3.00 2.00 2.00 4.00 1.00 3.00 1.00 2.00 2.00 2.00 3.00 3.00 4.00 4.00 3.00 5.00 5.00 5.00 5.00 1.00 3.00 1.00 5.00 1.00 
1.00 5.00 1.00 3.00 3.00 1.00 2.00 3.00 4.00 4.00 1.00 2.00 3.00 2.00 5.00 4.00 5.00 2.00 2.00 3.00 3.00 3.00 1.00 2.00 4.00 3.00 5.00 3.00 5.00 1.00 2.00 3.00 3.00 5.00 1.00 2.00 4.00 1.00 2.00 1.00 5.00 3.00 1.00 4.00 3.00 5.00 4.00 4.00 4.00 2.00 2.00 3.00 4.00 3.00 1.00 2.00 5.00 5.00 3.00 1.00 1.00 2.00 1.00 2.00 
3.00 4.00 3.00 2.00 3.00 3.00 1.00 4.00 4.00 3.00 4.00 4.00 3.00 3.00 4.00 1.00 3.00 3.00 1.00 4.00 2.00 4.00 1.00 5.00 3.00 3.00 3.00 4.00 2.00 2.00 1.00 5.00 4.00 1.00 5.00 5.00 5.00 2.00 1.00 1.00 2.00 1.00 2.00 1.00 1.00 2.00 3.00 2.00 1.00 4.00 5.00 1.00 1.00 3.00 2.00 1.00 5.00 4.00 3.00 3.00 5.00 2.00 1.00 2.00 
4.00 2.00 4.00 1.00 3.00 2.00 5.00 3.00 1.00 3.00 4.00 3.00 3.00 4.00 2.00 5.00 3.00 5.00 2.00 4.00 2.00 1.00 5.00 3.00 1.00 3.00 5.00 5.00 5.00 1.00 2.00 3.00 3.00 2.00 1.00 4.00 2.00 2.00 1.00 1.00 2.00 3.00 1.00 2.00 1.00 3.00 1.00 3.00 1.00 3.00 1.00 4.00 1.00 1.00 2.00 4.00 5.00 2.00 2.00 2.00 5.00 3.00 3.00 5.00 
3.00 5.00 4.00 4.00 2.00 1.00 1.00 4.00 5.00 4.00 1.00 5.00 4.00 4.00 1.00 5.00 4.00 4.00 3.00 2.00 5.00 1.00 3.00 4.00 5.00 3.00 2.00 1.00 2.00 4.00 1.00 3.00 3.00 4.00 3.00 4.00 5.00 4.00 5.00 4.00 5.00 2.00 1.00 4.00 3.00 1.00 4.00 3.00 3.00 1.00 2.00 1.00 1.00 2.00 4.00 3.00 2.00 3.00 3.00 3.00 5.00 2.00 4.00 3.00 
1.00 5.00 5.00 4.00 5.00 5.00 5.00 4.00 5.00 4.00 1.00 4.00 5.00 2.00 3.00 3.00 1.00 1.00 2.00 4.00 4.00 2.00 4.00 4.00 1.00 5.00 4.00 5.00 3.00 5.00 2.00 5.00 3.00 5.00 1.00 3.00 5.00 5.00 4.00 1.00 2.00 2.00 2.00 2.00 4.00 1.00 2.00 3.00 4.00 5.00 5.00 2.00 4.00 2.00 4.00 3.00 2.00 4.00 2.00 4.00 3.00 2.00 1.00 5.00 
1.00 5.00 5.00 3.00 2.00 2.00 4.00 1.00 4.00 1.00 4.00 1.00 5.00 4.00 3.00 5.00 5.00 4.00 5.00 1.00 4.00 2.00 2.00 2.00 2.00 5.00 4.00 3.00 4.00 4.00 2.00 5.00 4.00 4.00 3.00 2.00 2.00 3.00 3.00 4.00 1.00 1.00 5.00 1.00 5.00 5.00 1.00 1.00 3.00 5.00 2.00 4.00 2.00 2.00 5.00 1.00 5.00 2.00 1.00 3.00 3.00 5.00 2.00 1.00 
3.00 2.00 5.00 5.00 1.00 2.00 2.00 3.00 2.00 3.00 3.00 5.00 1.00 1.00 5.00 3.00 5.00 4.00 4.00 3.00 5.00 5.00 2.00 5.00 3.00 3.00 5.00 1.00 5.00 4.00 4.00 3.00 1.00 2.00 1.00 5.00 2.00 4.00 5.00 5.00 3.00 5.00 2.00 4.00 2.00 2.00 1.00 3.00 3.00 2.00 2.00 2.00 3.00 5.00 4.00 2.00 4.00 2.00 2.00 4.00 5.00 2.00 2.00 5.00 
2.00 3.00 5.00 5.00 1.00 1.00 2.00 1.00 3.00 3.00 5.00 4.00 4.00 3.00 1.00 2.00 1.00 4.00 2.00 3.00 5.00 1.00 5.00 3.00 2.00 2.00 4.00 2.00 2.00 5.00 4.00 2.00 1.00 5.00 1.00 2.00 5.00 2.00 1.00 4.00 1.00 5.00 4.00 4.00 1.00 5.00 3.00 4.00 3.00 3.00 1.00 1.00 2.00 5.00 4.00 1.00 5.00 5.00 5.00 2.00 1.00 2.00 4.00 1.00 
1.00 2.00 1.00 5.00 2.00 2.00 1.00 1.00 1.00 1.00 1.00 5.00 3.00 3.00 4.00 4.00 5.00 4.00 5.00 5.00 5.00 3.00 3.00 1.00 3.00 4.00 3.00 1.00 1.00 5.00 3.00 2.00 4.00 1.00 1.00 1.00 3.00 5.00 5.00 3.00 2.00 4.00 1.00 5.00 1.00 3.00 5.00 1.00 5.00 3.00 3.00 2.00 2.00 2.00 4.00 2.00 4.00 2.00 3.00 2.00 3.00 2.00 2.00 2.00 
5.00 2.00 3.00 4.00 4.00 2.00 5.00 3.00 2.00 3.00 1.00 1.00 5.00 5.00 2.00 5.00 2.00 5.00 4.00 5.00 4.00 5.00 1.00 2.00 1.00 5.00 1.00 4.00 5.00 2.00 3.00 5.00 1.00 3.00 1.00 2.00 2.00 1.00 4.00 2.00 4.00 5.00 1.00 2.00 5.00 4.00 1.00 5.00 4.00 2.00 3.00 4.00 4.00 2.00 4.00 5.00 5.00 4.00 4.00 3.00 5.00 2.00 3.00 2.00 
2.00 3.00 3.00 4.00 1.00 1.00 3.00 2.00 2.00 4.00 1.00 5.00 1.00 3.00 5.00 5.00 4.00 3.00 1.00 5.00 1.00 1.00 5.00 3.00 5.00 2.00 1.00 1.00 2.00 1.00 1.00 4.00 5.00 4.00 1.00 2.00 3.00 2.00 4.00 4.00 3.00 3.00 5.00 5.00 3.00 4.00 2.00 4.00 3.00 4.00 3.00 1.00 5.00 3.00 4.00 2.00 4.00 2.00 2.00 3.00 4.00 4.00 4.00 5.00 
1.00 3.00 5.00 1.00 4.00 4.00 2.00 2.00 2.00 4.00 2.00 1.00 1.00 3.00 4.00 2.00 4.00 3.00 5.00 2.00 3.00 2.00 2.00 4.00 3.00 5.00 2.00 1.00 2.00 2.00 4.00 5.00 5.00 2.00 3.00 2.00 5.00 3.00 5.00 3.00 2.00 4.00 5.00 1.00 4.00 1.00 2.00 1.00 5.00 5.00 4.00 5.00 5.00 4.00 2.00 4.00 1.00 4.00 4.00 2.00 5.00 3.00 2.00 5.00 
5.00 4.00 5.00 1.00 2.00 2.00 2.00 2.00 1.00 4.00 3.00 5.00 2.00 1.00 3.00 3.00 2.00 4.00 2.00 1.00 3.00 1.00 4.00 1.00 1.00 2.00 1.00 4.00 1.00 1.00 2.00 3.00 2.00 3.00 2.00 1.00 4.00 2.00 1.00 4.00 3.00 4.00 4.00 4.00 5.00 5.00 1.00 3.00 5.00 4.00 4.00 4.00 1.00 2.00 4.00 5.00 4.00 5.00 1.00 3.00 4.00 3.00 1.00 4.00 
2.00 5.00 1.00 3.00 5.00 5.00 3.00 5.00 3.00 4.00 1.00 2.00 2.00 1.00 2.00 3.00 1.00 5.00 2.00 2.00 5.00 2.00 3.00 1.00 1.00 4.00 1.00 1.00 4.00 5.00 1.00 4.00 2.00 4.00 4.00 5.00 4.00 5.00 1.00 2.00 4.00 3.00 4.00 5.00 2.00 3.00 1.00 2.00 1.00 5.00 3.00 5.00 2.00 3.00 2.00 1.00 3.00 4.00 2.00 5.00 4.00 3.00 5.00 4.00 
3.00 1.00 2.00 3.00 3.00 5.00 3.00 5.00 4.00 3.00 3.00 1.00 5.00 1.00 1.00 5.00 4.00 1.00 4.00 1.00 5.00 3.00 1.00 2.00 4.00 5.00 2.00 1.00 1.00 3.00 4.00 5.00 2.00 3.00 4.00 4.00 4.00 3.00 4.00 4.00 2.00 2.00 4.00 3.00 3.00 3.00 5.00 5.00 3.00 4.00 2.00 3.00 1.00 1.00 3.00 4.00 4.00 5.00 2.00 5.00 4.00 3.00 5.00 4.00 
4.00 2.00 2.00 3.00 1.00 2.00 1.00 3.00 2.00 4.00 1.00 5.00 5.00 4.00 1.00 5.00 3.00 2.00 5.00 4.00 4.00 4.00 3.00 4.00 1.00 4.00 5.00 2.00 5.00 2.00 1.00 1.00 2.00 5.00 5.00 4.00 1.00 4.00 1.00 4.00 1.00 4.00 5.00 5.00 1.00 3.00 3.00 2.00 4.00 4.00 2.00 3.00 1.00 1.00 5.00 3.00 4.00 1.00 2.00 3.00 3.00 4.00 2.00 3.00 
1.00 1.00 4.00 2.00 1.00 1.00 4.00 1.00 1.00 1.00 2.00 4.00 4.00 3.00 3.00 3.00 2.00 2.00 1.00 3.00 4.00 2.00 3.00 2.00 1.00 1.00 3.00 5.00 5.00 3.00 4.00 1.00 3.00 3.00 1.00 2.00 2.00 3.00 1.00 5.00 5.00 1.00 1.00 5.00 5.00 5.00 2.00 3.00 1.00 5.00 1.00 1.00 5.00 4.00 1.00 4.00 4.00 1.00 1.00 2.00 2.00 3.00 1.00 3.00 
1.00 3.00 4.00 4.00 3.00 1.00 3.00 4.00 4.00 2.00 3.00 1.00 4.00 3.00 2.00 3.00 5.00 2.00 1.00 4.00 5.00 4.00 1.00 2.00 5.00 3.00 3.00 3.00 3.00 5.00 2.00 5.00 5.00 3.00 4.00 5.00 4.00 4.00 2.00 2.00 2.00 2.00 4.00 3.00 1.00 4.00 2.00 4.00 2.00 2.00 4.00 4.00 1.00 2.00 5.00 4.00 2.00 3.00 3.00 2.00 5.00 1.00 1.00 1.00 
5.00 5.00 2.00 1.00 1.00 5.00 2.00 3.00 2.00 2.00 4.00 3.00 2.00 1.00 1.00 3.00 3.00 1.00 2.00 3.00 2.00 2.00 4.00 5.00 3.00 5.00 2.00 2.00 4.00 4.00 2.00 3.00 1.00 5.00 3.00 3.00 5.00 3.00 2.00 4.00 3.00 2.00 1.00 5.00 2.00 5.00 5.00 4.00 1.00 5.00 1.00 3.00 5.00 5.00 2.00 2.00 5.00 1.00 3.00 1.00 3.00 5.00 3.00 5.00 
2.00 5.00 1.00 4.00 1.00 5.00 2.00 4.00 5.00 3.00 1.00 2.00 2.00 4.00 1.00 2.00 1.00 1.00 2.00 3.00 3.00 3.00 4.00 2.00 4.00 5.00 1.00 3.00 3.00 1.00 1.00 3.00 2.00 2.00 1.00 2.00 4.00 2.00 3.00 1.00 1.00 4.00 2.00 4.00 2.00 2.00 1.00 5.00 3.00 5.00 3.00 5.00 1.00 1.00 1.00 1.00 3.00 4.00 2.00 2.00 1.00 4.00 3.00 2.00 
2.00 4.00 5.00 3.00 4.00 2.00 4.00 1.00 4.00 4.00 1.00 3.00 2.00 3.00 3.00 1.00 4.00 5.00 5.00 5.00 5.00 5.00 1.00 5.00 1.00 1.00 1.00 3.00 3.00 1.00 3.00 5.00 4.00 5.00 3.00 4.00 3.00 3.00 5.00 2.00 3.00 5.00 2.00 4.00 1.00 5.00 4.00 5.00 5.00 2.00 2.00 5.00 2.00 4.00 5.00 2.00 5.00 1.00 5.00 1.00 2.00 4.00 1.00 2.00 
3.00 3.00 1.00 5.00 2.00 4.00 4.00 1.00 3.00 1.00 4.00 3.00 3.00 2.00 5.00 4.00 1.00 3.00 1.00 2.00 1.00 1.00 3.00 4.00 5.00 2.00 3.00 3.00 2.00 1.00 1.00 5.00 1.00 1.00 1.00 1.00 5.00 2.00 5.00 1.00 4.00 2.00 5.00 5.00 4.00 1.00 1.00 4.00 3.00 1.00 3.00 3.00 1.00 5.00 3.00 2.00 3.00 2.00 3.00 2.00 1.00 4.00 3.00 5.00 
4.00 3.00 3.00 2.00 2.00 1.00 3.00 4.00 1.00 2.00 3.00 3.00 2.00 1.00 1.00 4.00 4.00 5.00 2.00 1.00 3.00 5.00 1.00 5.00 5.00 3.00 5.00 2.00 2.00 4.00 1.00 1.00 4.00 1.00 4.00 1.00 1.00 3.00 5.00 4.00 1.00 3.00 1.00 1.00 5.00 1.00 3.00 3.00 2.00 4.00 1.00 4.00 4.00 2.00 5.00 4.00 3.00 2.00 4.00 4.00 3.00 4.00 2.00 3.00 
3.00 2.00 5.00 3.00 3.00 4.00 1.00 5.00 3.00 5.00 5.00 3.00 3.00 4.00 1.00 1.00 1.00 2.00 4.00 1.00 2.00 1.00 1.00 4.00 3.00 4.00 4.00 1.00 1.00 4.00 1.00 5.00 2.00 5.00 1.00 2.00 2.00 3.00 4.00 3.00 2.00 2.00 4.00 3.00 3.00 3.00 1.00 4.00 3.00 4.00 5.00 3.00 1.00 1.00 3.00 3.00 3.00 1.00 4.00 3.00 5.00 3.00 5.00 3.00 
1.00 2.00 5.00 5.00 3.00 5.00 2.00 2.00 3.00 3.00 3.00 1.00 5.00 5.00 1.00 2.00 2.00 2.00 3.00 2.00 3.00 5.00 2.00 1.00 2.00 4.00 1.00 5.00 3.00 5.00 4.00 2.00 5.00 5.00 4.00 1.00 1.00 3.00 4.00 1.00 2.00 3.00 1.00 5.00 2.00 5.00 1.00 5.00 2.00 4.00 4.00 5.00 2.00 4.00 2.00 1.00 5.00 4.00 3.00 2.00 1.00 4.00 5.00 2.00 
4.00 2.00 2.00 2.00 5.00 4.00 2.00 5.00 1.00 5.00 3.00 2.00 2.00 5.00 5.00 3.00 3.00 3.00 5.00 5.00 4.00 1.00 1.00 3.00 3.00 3.00 4.00 4.00 1.00 5.00 3.00 1.00 2.00 3.00 5.00 4.00 2.00 2.00 1.00 4.00 4.00 5.00 2.00 2.00 2.00 3.00 3.00 1.00 5.00 4.00 1.00 1.00 2.00 3.00 5.00 3.00 4.00 4.00 1.00 3.00 1.00 3.00 2.00 1.00 
2.00 3.00 2.00 1.00 4.00 2.00 2.00 4.00 5.00 4.00 4.00 4.00 1.00 4.00 1.00 5.00 4.00 2.00 4.00 1.00 2.00 1.00 5.00 4.00 5.00 3.00 4.00 4.00 1.00 3.00 2.00 1.00 2.00 1.00 2.00 1.00 3.00 2.00 1.00 5.00 3.00 5.00 1.00 5.00 2.00 5.00 2.00 2.00 2.00 5.00 3.00 5.00 2.00 3.00 5.00 4.00 2.00 4.00 5.00 1.00 1.00 1.00 5.00 2.00 
3.00 2.00 1.00 3.00 2.00 1.00 1.00 5.00 5.00 2.00 2.00 2.00 5.00 5.00 5.00 1.00 5.00 4.00 2.00 3.00 4.00 3.00 3.00 3.00 4.00 1.00 5.00 3.00 5.00 4.00 5.00 3.00 5.00 2.00 5.00 3.00 2.00 3.00 5.00 1.00 1.00 4.00 4.00 3.00 2.00 3.00 4.00 4.00 4.00 5.00 1.00 2.00 5.00 1.00 3.00 4.00 3.00 3.00 2.00 5.00 5.00 2.00 2.00 5.00 
2.00 2.00 2.00 5.00 3.00 2.00 2.00 2.00 3.00 1.00 4.00 5.00 2.00 3.00 3.00 5.00 5.00 2.00 3.00 1.00 1.00 3.00 3.00 5.00 3.00 3.00 2.00 3.00 4.00 2.00 1.00 4.00 1.00 1.00 5.00 1.00 5.00 3.00 2.00 4.00 3.00 2.00 1.00 1.00 1.00 3.00 2.00 5.00 4.00 1.00 3.00 2.00 4.00 5.00 2.00 1.00 2.00 3.00 5.00 4.00 2.00 5.00 1.00 2.00 
1.00 4.00 5.00 1.00 3.00 1.00 2.00 1.00 3.00 3.00 5.00 1.00 4.00 1.00 5.00 4.00 3.00 1.00 2.00 3.00 2.00 5.00 2.00 3.00 2.00 2.00 3.00 4.00 3.00 1.00 5.00 3.00 5.00 3.00 3.00 5.00 5.00 4.00 3.00 1.00 2.00 1.00 1.00 3.00 4.00 2.00 1.00 4.00 4.00 1.00 4.00 2.00 4.00 1.00 2.00 1.00 1.00 1.00 2.00 3.00 5.00 3.00 5.00 2.00 
5.00 1.00 5.00 4.00 4.00 1.00 5.00 3.00 2.00 3.00 3.00 1.00 3.00 4.00 3.00 1.00 5.00 2.00 3.00 4.00 4.00 5.00 1.00 2.00 2.00 5.00 2.00 5.00 4.00 4.00 5.00 5.00 5.00 5.00 1.00 1.00 5.00 5.00 2.00 2.00 1.00 4.00 2.00 5.00 3.00 3.00 2.00 1.00 4.00 1.00 4.00 1.00 3.00 2.00 3.00 1.00 2.00 3.00 1.00 2.00 4.00 4.00 4.00 2.00 
5.00 5.00 4.00 4.00 2.00 4.00 2.00 5.00 2.00 5.00 4.00 4.00 3.00 4.00 2.00 2.00 1.00 5.00 2.00 2.00 5.00 5.00 3.00 2.00 1.00 5.00 4.00 1.00 2.00 1.00 2.00 5.00 1.00 5.00 5.00 4.00 4.00 5.00 5.00 3.00 3.00 4.00 2.00 1.00 5.00 4.00 1.00 2.00 5.00 4.00 5.00 2.00 2.00 1.00 5.00 3.00 4.00 2.00 2.00 1.00 1.00 1.00 3.00 3.00 
1.00 2.00 3.00 1.00 3.00 4.00 1.00 2.00 4.00 2.00 2.00 5.00 5.00 5.00 5.00 5.00 4.00 1.00 4.00 4.00 4.00 5.00 3.00 2.00 4.00 5.00 5.00 3.00 3.00 5.00 5.00 3.00 2.00 1.00 3.00 4.00 5.00 4.00 4.00 5.00 3.00 5.00 3.00 2.00 5.00 1.00 5.00 2.00 2.00 2.00 2.00 3.00 3.00 2.00 1.00 2.00 2.00 3.00 5.00 2.00 3.00 3.00 4.00 2.00 
2.00 5.00 4.00 2.00 5.00 2.00 3.00 3.00 3.00 4.00 4.00 1.00 4.00 4.00 5.00 1.00 1.00 2.00 4.00 2.00 5.00 4.00 3.00 3.00 5.00 4.00 4.00 5.00 5.00 4.00 3.00 1.00 3.00 2.00 1.00 4.00 3.00 5.00 2.00 1.00 5.00 1.00 1.00 5.00 4.00 3.00 2.00 4.00 1.00 3.00 1.00 4.00 2.00 1.00 4.00 1.00 4.00 3.00 4.00 3.00 3.00 5.00 2.00 5.00 
